-,-,-
